1837
1919
1866
1883
1911
1912
1933
1992
2168
2441
2351
2436
2457
2441
2387
2455
2416
2417
2430
2384
2451
2374
2412
2469
2384
2428
2452
2429
2417
2394
2420
2444
2354
2396
2401
2395
2379
2467
2388
2413
2434
2465
2417
2425
2430
2381
2421
2439
2391
2416
2441
2461
2402
2381
2495
2410
2408
2402
2462
2413
2357
2456
2375
2389
2368
2447
2421
2409
2453
2443
2429
2426
2398
2426
2471
2413
2381
2421
2449
2449
2440
2427
2441
2433
2380
2421
2412
2411
2425
2442
2487
2455
2407
2409
2438
2400
2394
2439
2435
2426
2452
2404
2407
2440
2423
2392
2446
2373
2419
2428
2421
2446
2450
2436
2352
2438
2379
2477
2427
2382
2397
2426
2436
2435
2460
2447
2441
2439
2432
2414
2421
2444
2427
2404
2399
2459
2448
2451
2424
2459
2390
2461
2400
2443
2428
2394
2444
2420
2404
2455
2475
2377
2393
2446
2448
2438
2371
2393
2436
2426
2452
2419
2414
2429
2432
2368
2406
2424
2425
2457
2425
2420
2405
2419
2422
2394
2426
2371
2455
2451
2395
2444
2389
2457
2450
2415
2358
2440
2416
2376
2435
2469
2456
2412
2433
2448
2434
2401
2426
2466
2423
2402
2430
2410
2461
2440
2394
2426
2405
2459
2465
2454
2415
2389
2394
2409
2387
2451
2446
2390
2474
2449
2526
2393
2419
2469
2447
2419
2418
2404
2395
2410
2415
2389
2399
2473
2385
2406
2390
2416
2403
2421
2385
2456
2386
2457
2376
2411
2423
2435
2383
2376
2398
2407
2408
2403
2424
2477
2393
2402
2448
2374
2457
2384
2451
2435
2426
2402
2379
2435
2436
2419
2391
2467
2441
2447
2392
2344
2402
2345
2462
2420
2429
2306
2364
2423
2397
2418
2418
2415
2442
2413
2450
2420
2463
2441
2417
2459
2435
2447
2460
2387
2405
2378
2400
2426
2457
2398
2396
2421
2434
2406
2430
2470
2434
2363
2454
2391
2367
2426
2430
2413
2396
2392
2399
2435
2383
2405
2432
2457
2444
2372
2399
2406
2427
2427
2378
2468
2396
2463
2374
2432
2398
2431
2395
2448
2389
2398
2411
2468
2434
2381
2447
2400
2392
2447
2398
2447
2443
2419
2484
2381
2461
2453
2436
2425
2410
2438
2504
2429
2415
2469
2456
2392
2409
2382
2456
2396
2419
2377
2470
2399
2404
2429
2433
2448
2404
2458
2425
2464
2385
2469
2390
2427
2390
2439
2440
2389
2390
2447
2430
2410
2442
2399
2413
2431
2440
2388
2427
2377
2404
2409
2448
2382
2465
2407
2463
2424
2446
2426
2475
2384
2439
2393
2387
2444
2415
2405
2417
2403
2411
2433
2457
2401
2412
2436
2469
2448
2430
2435
2458
2439
2405
2394
2373
2461
2403
2415
2386
2431
2438
2485
2419
2399
2418
2456
2432
2450
2455
2441
2427
2436
2375
2379
2432
2458
2438
2447
2393
2409
2419
2434
2444
2471
2423
2480
2420
2442
2414
2409
2442
2420
2451
2447
2435
2383
2448
2424
2422
2428
2480
2428
2391
2460
2411
2426
2410
2410
2401
2387
2432
2375
2468
2397
2451
2406
2382
2375
2415
2420
2422
2456
2401
2476
2444
2470
2380
2421
2458
2398
2463
2402
2448
2396
2425
2406
2409
2389
2427
2448
2459
2392
2401
2426
2470
2428
2417
2450
2404
2440
2420
2392
2489
2427
2377
2414
2433
2470
2415
2400
2483
2405
2431
2408
2358
2396
2459
2405
2437
2462
2411
2418
2410
2430
2431
2448
2474
2411
2442
2443
2414
2450
2411
2443
2447
2421
2393
2393
2443
2444
2483
2448
2411
2435
2379
2457
2410
2433
2466
2405
2422
2446
2474
2442
2483
2416
2419
2389
2414
2421
2441
2441
2452
2376
2410
2427
2422
2412
2419
2390
2414
2446
2455
2412
2408
2437
2447
2454
2423
2419
2381
2408
2483
2397
2378
2471
2439
2378
2402
2395
2455
2410
2457
2477
2435
2385
2463
2459
2399
2432
2433
2418
2419
2400
2409
2436
2410
2418
2496
2401
2441
2458
2452
2454
2422
2398
2395
2337
2449
2383
2423
2407
2395
2416
2463
2399
2445
2440
2406
2422
2411
2391
2391
2445
2401
2447
2408
2425
2458
2471
2430
2413
2445
2455
2444
2422
2407
2486
2399
2405
2413
2439
2395
2445
2406
2447
2482
2370
2376
2444
2373
2393
2446
2411
2445
2424
2375
2382
2441
2442
2400
2396
2401
2401
2428
2406
2442
2414
2411
2475
2374
2429
2489
2435
2430
2428
2440
2419
2427
2417
2385
2396
2376
2442
2402
2406
2420
2515
2438
2443
2449
2378
2461
2443
2416
2436
2439
2435
2472
2428
2434
2421
2396
2461
2403
2451
2351
2440
2400
2449
2437
2420
2431
2443
2418
2393
2433
2399
2415
2407
2445
2409
2380
2465
2413
2435
2390
2443
2413
2452
2436
2356
2401
2381
2465
2402
2384
2388
2424
2413
2448
2424
2451
2405
2452
2451
2414
2451
2435
2395
2450
2402
2416
2408
2363
2422
2392
2453
2380
2494
2428
2452
2440
2435
2426
2426
2441
2411
2411
2431
2370
2399
2469
2427
2389
2415
2432
2396
2447
2448
2445
2400
2448
2385
2468
2415
2404
2493
2407
2441
2433
2473
2430
2401
2449
2473
2423
2401
2464
2466
2437
2420
2444
2398
2420
2408
2419
2406
2443
2404
2502
2416
2421
2399
2393
2400
2452
2472
2434
2449
2443
2454
2422
2400
2422
2434
2427
2474
2452
2419
2389
2455
2360
2437
2424
2410
2422
2419
2408
2349
2378
2454
2297
2382
2372
2451
2479
2455
2419
2418
2437
2445
2441
2426
2355
2434
2409
2418
2411
2425
2416
2427
2418
2426
2472
2447
2490
2418
2407
2404
2419
2480
2418
2393
2424
2406
2387
2435
2394
2405
2333
2419
2421
2476
2452
2439
2375
2435
2405
2400
2412
2441
2436
2393
2395
2380
2409
2390
2418
2423
2400
2424
2386
2413
2424
2415
2383
2470
2433
2420
2487
2458
2405
2393
2441
2470
2458
2408
2415
2440
2397
2403
2446
2444
2441
2428
2406
2391
2412
2442
2380
2431
2417
2365
2432
2410
2404
2425
2391
2406
2450
2376
2397
2463
2409
2427
2366
2460
2433
2419
